start: 2021-08-04 09:49:34.177017

0 / 81 external (0.0 %)
end: 2021-08-04 09:49:42.658203
duration: 0:00:08.481186
