start: 2021-08-04 09:50:26.707070

0 / 0 external (0 %)
end: 2021-08-04 09:50:35.129462
duration: 0:00:08.422392
