start: 2021-08-04 09:50:59.123358

0 / 5 external (0.0 %)
end: 2021-08-04 09:51:07.618897
duration: 0:00:08.495539
