start: 2021-08-04 09:49:13.139733

0 / 23 external (0.0 %)
end: 2021-08-04 09:49:21.631434
duration: 0:00:08.491701
